     		 	750
         	   		     450
              	                1500
	 	                2000
                 850
                           350
                                 200
                           550
                                700
                                  1200
                               650
                               800
                               1500
                                 2500
                                  700
                                  550
                        830 
                       1200
                             150
                                750
                  1300
 600
      1500
        370